315586168,2,5,5,4,4,5,5,7,6,5,3,2,7,7,7,4,5
315586169,3,1,6,1,2,4,5,5,5,1,1,6,3,5,7,4,5,4,4,6,2,1,1,1,4,1,6,5,5,1,1,4,5,5,5
315586170,1,1,3,1,1,2,6,1,7,7,,4
315586171,4,4,5,5,5,2,3,7,,,7,3,2,2,2,2,3,2,6,5,4,1,3,1,2,1,1,3,1,1,1,2,1,6,5,4,3,1,2,5
315586172,3,3,2,1,1,2,7,,5,5,5,5,6,7,6,5,5,4,5,4,5,2,3,7,7,1,2,5,5,5,7,7,7,1,7
315586173,2,2,2,3,1,2,2,7,5,1
315586174,5,5,2,7,1
315586175,1,3,6,5,4,1,4,4,7,7,7,,4,1,1,1,3,4,7,4
315586176,6,5,4,4,2,2,4,7,1,2,1,6,5,5,2,2,2,3,4,2,3,2,3,3,3,4,6,5,4,4
315586177,4,3,1,7,,7,1,1,2,2,3,6
315586178,1,7,,2,4,5,5,2,1,2,1,1,7
315586179,6,4,5,5,6,1,2,1,6,2,1,2,2,5,1,2,2,5,6,7,2,4,5,4,7,7,,,1
315586180,1,1,2,4,5,5,4,6,4,5
315586181,1,2,5,7,6,5,4,5,2,2,6,1,2,2,2,5,5,4,5,6,3,3,1,2,2,1,1,2,2,7
315586182,3,5,4,4,4,1,1,5,4,4,5,4,4,3,1,7,5,5,5,1,2,3,4,7,6,2,2,1,1,6,2
315586183,7,5,4,4,2,1,2,7,4,6,4,4,2,1,4,7,2,3,3,4,3,7,4,3,1,4,1,1,7,6,7
315586184,6,5,4,4,4,4,2,3,6,5,4,1,1,1,7,,7,5,4,5,5
315586185,6,7,5,4,2,3,5,4,5,7,7
315586186,6,3,1,4,7,1,2,1,3,2,3,1,1,1,1,2
315586187,7,7,7,,3,2,4,2,5,5,1,6,7,7,,,7,1,1,7,7,5
315586188,4,3,2,3,6,7,7,3,2,3,3,5,5,5
315586189,5,6,3,6,3,1,2,7,6,3,6,4,4,5,5,4,4,6,4,4,3,1,7,6,4,5
315586190,5,2,2,3,2,2,1,1,4,1,2,4,7,7,,2,2,2,4,4,1,4,4,2,1,2,3,7,1,3,1,1,2
315586191,1,2,5,4,4,4,4,3,2,6,7,7,3,5,1,1,1,4,1,5,7,6,5,4,2,6,2,1,2,1,4,3
315586192,4,5,6,1,3,1,2,2,1,4,2,7,7,5,6,2,2,3,3,1,2,3,2,1,1
315586193,2,3,4,5,5,4,3,1,2,2,3,2,5,1,4,2,5,4,6,7,1,2,2,2,1,4,6,3
315586194,6,5,4,1,6,2,5,5,5,4,4,4,7,7,7,7,7,3,7,6,4,4,5,4,4,1,3,6,5,5,1,2,2,2
315586195,4,4,5,5,5,4,6,7,6,2,7,7,1,4,5,7,1,6,7,6,4,6,6,1,2,5
315586196,4,1,2,1,1,2,6,4,4,5,2,3,2,5,4,5,4,3,1,1,3,4,5,5,4,5,1,7,7,4,1,3,1,2,1,1
315586197,6,1,2,2,2,4,2,1,2,1,1,2,5,4,1
